32
2 3 9 3 5 4 7 8 2 3 9 3 5 4 7 8 2 3 9 3 5 4 7 8 2 3 9 3 5 4 7 8
4 9 9 1 5 6 3 4 4 9 9 1 5 6 3 4 4 9 9 1 5 6 3 4 4 9 9 1 5 6 3 4
8 9 1 7 5 5 5 5 5 5 5 5 5 5 5 5 5 5 5 5 5 5 5 5 5 5 5 5 5 5 6 7
2 1 1 5 5 5 5 3 2 1 1 5 5 5 5 3 2 1 1 5 5 5 5 3 2 1 1 5 5 5 5 3
1 2 5 4 3 6 7 8 1 2 5 4 3 6 7 8 1 2 5 4 3 6 7 8 1 2 5 4 3 6 7 8
4 5 7 3 2 4 2 1 4 5 7 3 2 4 2 1 4 5 7 3 2 4 2 1 4 5 7 3 2 4 2 1
4 5 8 6 7 3 3 2 4 5 8 6 7 3 3 2 4 5 8 6 7 3 3 2 4 5 8 6 7 3 3 2
1 2 5 3 6 7 8 3 1 2 5 3 6 7 8 3 1 2 5 3 6 7 8 3 1 2 5 3 6 7 8 3
2 3 9 3 5 4 7 8 2 3 9 3 5 4 7 8 2 3 9 3 5 4 7 8 2 3 9 3 5 4 7 8
4 9 9 1 5 6 3 4 4 9 9 1 5 6 3 4 4 9 9 1 5 6 3 4 4 9 9 1 5 6 3 4
8 9 1 7 5 5 6 7 8 9 1 7 5 5 6 7 8 9 1 7 5 5 6 7 8 9 1 7 5 5 6 7
2 1 1 5 5 5 5 3 2 1 1 5 5 5 5 3 2 1 1 5 5 5 5 3 2 1 1 5 5 5 5 3
1 2 5 4 3 6 7 8 1 2 5 4 3 6 7 8 1 2 5 4 3 6 7 8 1 2 5 4 3 6 7 8
4 5 7 3 2 4 2 1 4 5 7 3 2 4 2 1 4 5 7 3 2 4 2 1 4 5 7 3 2 4 2 1
4 5 8 6 7 3 3 2 4 5 8 6 7 3 3 2 4 5 8 6 7 3 3 2 4 5 8 6 7 3 3 2
1 2 5 3 6 7 8 3 1 2 5 3 6 7 8 3 1 2 5 3 6 7 8 3 1 2 5 3 6 7 8 3
2 3 9 3 5 4 7 8 2 3 9 3 5 4 7 8 2 3 9 3 5 4 7 8 2 3 9 3 5 4 7 8
4 9 9 1 5 6 3 4 4 9 9 1 5 6 3 4 4 9 9 1 5 6 3 4 4 9 9 1 5 6 3 4
8 9 1 7 5 5 5 5 5 5 5 5 5 5 6 7 8 9 1 7 5 5 5 5 5 5 5 5 5 5 6 7
2 1 1 5 5 5 5 3 2 1 1 5 5 5 5 3 2 1 1 5 5 5 5 3 2 1 1 5 5 5 5 3
1 2 5 4 3 6 7 8 1 2 5 4 3 6 7 8 1 2 5 4 3 6 7 8 1 2 5 4 3 6 7 8
4 5 7 3 2 4 2 1 4 5 7 3 2 4 2 1 4 5 7 3 2 4 2 1 4 5 7 3 2 4 2 1
4 5 8 6 7 3 3 2 4 5 8 6 7 3 3 2 4 5 8 6 7 3 3 2 4 5 8 6 7 3 3 2
1 2 5 3 6 7 8 3 1 2 5 3 6 7 8 3 1 2 5 3 6 7 8 3 1 2 5 3 6 7 8 3
2 3 9 3 5 4 7 8 2 3 9 3 5 4 7 8 2 3 9 3 5 4 7 8 2 3 9 3 5 4 7 8
4 9 9 1 5 6 3 4 4 9 9 1 5 6 3 4 4 9 9 1 5 6 3 4 4 9 9 1 5 6 3 4
8 9 1 7 5 5 6 7 8 9 1 7 5 5 6 7 8 9 1 7 5 5 6 7 8 9 1 7 5 5 6 7
2 1 1 5 5 5 5 3 2 1 1 5 5 5 5 3 2 1 1 5 5 5 5 3 2 1 1 5 5 5 5 3
1 2 5 4 3 6 7 8 1 2 5 4 3 6 7 8 1 2 5 4 3 6 7 8 1 2 5 4 3 6 7 8
4 5 7 3 2 4 2 1 4 5 7 3 2 4 2 1 4 5 7 3 2 4 2 1 4 5 7 3 2 4 2 1
4 5 8 6 7 3 3 2 4 5 8 6 7 3 3 2 4 5 8 6 7 3 3 2 4 5 8 6 7 3 3 2
1 2 5 3 6 7 8 3 1 2 5 3 6 7 8 3 1 2 5 3 6 7 8 3 1 2 5 3 6 7 8 3
